4.919
4.969
4.98
4.991
4.919
4.981
4.937
4.914
4.947
4.971
4.979
4.976
4.958
4.989
4.917
4.959
5.0
4.959
4.912
4.998
4.966
4.964
4.929
4.943
4.994
4.975
4.85
4.95
4.995
4.989
4.927
4.97
4.95
4.963
4.963
4.971
4.973
4.995
4.936
4.89
4.99
4.996
4.917
4.995
4.963
4.983
4.993
4.986
4.958
4.952
4.885
4.864
4.986
4.962
4.988
4.981
4.975
4.979
5.0
4.92
4.986
4.954
4.968
4.96
4.917
4.932
4.987
4.973
4.988
4.965
4.971
4.962
4.944
4.991
4.986
4.961
4.995
4.956
4.994
4.862
4.92
4.947
4.987
4.985
4.91
4.914
4.987
4.995
4.956
4.984
5.0
4.889
4.921
5.0
4.959
4.994
4.994
