5.015
5.011
5.035
5.087
5.105
5.103
5.021
5.108
5.02
5.037
5.011
5.039
5.009
5.063
5.034
5.067
5.028
5.085
5.023
5.051
5.066
5.063
5.007
5.019
5.052
5.012
5.004
5.074
5.1
5.015
5.119
5.049
5.013
5.083
5.049
5.069
5.012
5.062
5.036
5.012
5.16
5.015
5.006
5.034
5.088
5.014
5.073
5.062
5.018
5.02
5.068
5.028
5.068
5.064
5.07
5.097
5.046
5.099
5.016
5.006
5.015
5.018
5.001
5.04
5.065
5.025
5.017
5.078
5.051
5.055
5.03
5.034
5.06
5.025
5.025
5.048
5.019
5.039
5.03
5.035
5.069
5.074
5.032
5.117
5.028
5.026
5.058
5.056
5.009
5.074
5.078
5.03
5.003
5.02
5.069
5.044
5.093
5.101
5.062
5.026
5.047
5.001
5.039
